
Basic assay information 
Assay ID: 	24972
Assay Started: 	1/26/2007 9:46:18 AM
Assay Finished: 	1/26/2007 9:47:19 AM
Assay Exported: 	1/26/2007 9:47:20 AM
Protocol ID: 	100143
Protocol Name: 	Development DXR
Serial#: 	1010122


Plate information 
Plate	Repeat	Barcode	Chamber temperature at start	Chamber temperature at end	Humidity at start	Humidity at end	Ambient temperature at start	Ambient temperature at end	Group	Label	ScanX	ScanY	Measinfo	Kinetics	Measurement date	
1	1	 	21.41	21.53	8.1	8.1	21.81	21.73	1	DXR Umbelliferone 340/530(1)	0	0	De=1st Ex=Top Em=Top Wdw=N/A	0	1/26/2007 9:47:14 AM	

Results for DXR Umbelliferone 340/530 -  channel 1 (RFU)
	01	02	03	04	05	06	07	08	09	10	11	12	13	14	15	16	17	18	19	20	21	22	23	24	
A	35923	32409	45352	35410	32167	32381	33810	33905	42204	41343	33627	34200	35395	34840	33555	35677	35128	33890	31575	32807	34561	33342	32462	34824	
B	31551	33734	33453	30162	32016	34018	32142	34504	33015	33228	32583	37238	35265	34180	33721	33876	35120	34481	35478	36287	34001	31994	33915	37399	
C	34277	34401	166959	32538	37360	33359	35298	37947	35747	34554	34428	64171	51777	39432	33187	33806	35950	35926	34908	33881	32778	36222	34278	32350	
D	34895	34953	34927	32580	33848	35246	33773	34121	39106	33546	33453	50403	34010	34196	34319	33321	34182	154997	35154	35775	35465	33548	42656	32815	
E	33599	33584	33871	36805	33894	36211	40806	33244	33277	36806	33514	35898	34437	35554	35432	33697	35196	34684	35285	35249	33406	34493	33865	31305	
F	35607	34071	34367	35642	34812	123094	35178	36951	36254	41100	35685	35946	57867	33236	102002	36047	33320	34073	35107	33333	32851	32624	32758	103216	
G	348406	33200	35893	36073	35713	40606	34766	36499	35407	39287	34551	37531	34189	35724	34774	40716	34947	33750	34206	33440	34466	37058	45062	32715	
H	33991	38246	40312	35380	36176	51022	35160	34855	36550	40537	43488	35417	37251	33969	64827	34768	149198	34132	37730	35112	34620	35554	35573	35439	
I	34181	84963	36959	55674	33585	34447	33582	34777	34732	48389	36344	39857	35706	33758	33917	78615	50568	35697	35720	34715	34935	33898	37569	100580	
J	34433	42885	163634	33526	34203	41391	32822	35776	36517	35891	41206	36234	36099	35626	35394	34525	36361	41806	36100	35736	35320	40390	38051	35372	
K	60776	35941	82255	36752	33128	35395	70294	39557	38772	35409	38257	36650	36165	36541	34920	34725	34036	37922	34503	36162	34399	36093	44124	32496	
L	48936	34088	35431	35197	31139	35961	36481	33650	35768	36533	41613	33463	34290	36446	34245	33907	38994	43426	34430	350025	35887	35934	42500	216979	
M	33378	34530	35540	33487	37249	39569	33454	33892	36149	33077	35318	34793	33272	39053	33727	34567	34596	33523	34474	37726	34182	35346	35904	33272	
N	35715	35023	33315	32688	34454	35085	33852	34236	33052	38959	32542	32489	31592	35441	35334	34373	87897	42213	39576	33685	34271	34909	36304	36175	
O	35714	35379	38268	33011	32569	40661	35027	33509	108300	35021	46835	31685	31601	34283	33396	33178	34381	33831	33972	128900	34378	34841	35204	37118	
P	84974	35824	61692	35996	32707	38943	33848	37532	35655	37841	81469	31651	33514	35544	1108187	34741	58089	35623	195943	32834	32959	32670	33816	34039	


Exported with EnVision Workstation version 1.07 Rev.2 SP1
